set1_score: 2254.239220563848
set2_score: 0.000000000000
set3_score: 2268.631993369250
Duration: 0
